78
2d
2d
2d
2d
2d
2d
2d
2d
2d
2d
2d
2d
2d
2d
2d
2d
2d
2d
2d
2d
2d
2d
2d
2d
2d
2d
2d
2d
2d
2d
2d
2d
2d
2d
2d
2d
2d
2d
2d
2d
2d
2d
2d
2d
2d
2d
2d
78
20
20
20
20
20
20
20
20
20
20
20
20
20
20
20
7c
2d
2d
2d
2d
2d
2d
2d
2d
2d
2d
2d
2d
2d
2d
2d
7c
20
20
20
42
6f
6d
62
65
72
20
23
31
20
20
20
7c
20
20
20
42
6f
6d
62
65
72
20
23
32
20
20
20
7c
20
20
20
20
20
20
20
20
20
20
20
20
20
20
20
7c
2d
2d
2d
2d
2d
2d
2d
2d
2d
2d
2d
2d
2d
2d
2d
2d
2d
2d
2d
2d
2d
2d
2d
2d
2d
2d
2d
2d
2d
2d
2d
7c
2d
2d
2d
2d
2d
2d
2d
2d
2d
2d
2d
2d
2d
2d
2d
7c
20
20
20
20
20
20
20
20
20
20
20
20
20
20
20
7c
20
20
20
20
20
20
20
20
20
20
20
20
20
20
20
7c
20
20
20
20
20
20
20
20
20
20
20
20
20
20
20
7c
20
20
20
20
20
20
20
20
20
20
20
20
20
20
20
7c
20
20
20
20
20
20
20
20
20
20
20
20
20
20
20
7c
20
20
20
20
57
61
6c
6b
69
6e
67
20
20
20
20
7c
20
20
20
20
57
20
41
20
53
20
44
20
20
20
20
7c
20
20
20
20
35
20
31
20
32
20
33
20
20
20
20
7c
20
20
20
20
20
20
20
20
20
20
20
20
20
20
20
7c
20
20
20
20
20
20
20
20
20
20
20
20
20
20
20
7c
20
20
20
20
20
20
20
20
20
20
20
20
20
20
20
7c
20
20
20
20
20
20
20
20
20
20
20
20
20
20
20
7c
20
20
20
20
20
20
20
20
20
20
20
20
20
20
20
7c
2d
2d
2d
2d
2d
2d
2d
2d
2d
2d
2d
2d
2d
2d
2d
7c
2d
2d
2d
2d
2d
2d
2d
2d
2d
2d
2d
2d
2d
2d
2d
7c
2d
2d
2d
2d
2d
2d
2d
2d
2d
2d
2d
2d
2d
2d
2d
7c
20
20
20
20
20
20
20
20
20
20
20
20
20
20
20
7c
20
20
20
20
20
20
20
20
20
20
20
20
20
20
20
7c
20
20
20
20
20
20
20
20
20
20
20
20
20
20
20
7c
20
20
20
20
20
20
20
20
20
20
20
20
20
20
20
7c
20
20
20
20
20
20
20
20
20
20
20
20
20
20
20
7c
20
20
20
20
20
42
6f
6d
62
73
20
20
20
20
20
7c
20
20
20
20
20
53
50
41
43
45
20
20
20
20
20
7c
20
20
20
20
20
45
4e
54
45
52
20
20
20
20
20
7c
20
20
20
20
20
20
20
20
20
20
20
20
20
20
20
7c
20
20
20
20
20
20
20
20
20
20
20
20
20
20
20
7c
20
20
20
20
20
20
20
20
20
20
20
20
20
20
20
7c
20
20
20
20
20
20
20
20
20
20
20
20
20
20
20
7c
20
20
20
20
20
20
20
20
20
20
20
20
20
20
20
78
2d
2d
2d
2d
2d
2d
2d
2d
2d
2d
2d
2d
2d
2d
2d
2d
2d
2d
2d
2d
2d
2d
2d
2d
2d
2d
2d
2d
2d
2d
2d
2d
2d
2d
2d
2d
2d
2d
2d
2d
2d
2d
2d
2d
2d
2d
2d
78
20
20
20
20
20
20
20
20
20
20
20
20
20
20
20
20
20
20
20
20
20
20
20
20
20
20
20
20
20
20
20
20
20
20
20
20
20
20
20
20
20
20
20
20
20
20
20
20
20
20
20
20
20
20
20
20
20
20
20
20
20
20
20
20
20
20
20
20
20
20
20
20
20
20
20
20
20
20
20
20
20
20
20
20
20
20
20
20
20
20
20
20
20
20
20
20
20
20
20
20
20
20
20
20
20
20
20
20
20
20
20
20
20
20
20
20
20
20
20
20
20
20
20
20
20
20
20
20
20
20
20
20
20
20
20
20
20
20
20
20
20
20
20
20
20
20
20
20
20
20
20
20
20
20
20
20
20
20
20
20
20
20
20
20
20
20
20
20
20
20
20
20
20
20
20
20
20
20
20
20
20
20
20
20
20
20
20
20
20
20
20
20
20
20
20
20
20
20
20
20
20
20
20
20
20
20
20
20
20
20
20
20
20
20
20
20
20
20
20
20
20
20
20
20
20
20
20
20
20
20
20
20
20
20
20
20
20
20
20
20
20
20
20
20
20
20
20
20
20
20
20
20
20
20
20
20
20
20
20
20
20
20
20
20
20
20
20
20
20
20
20
20
20
20
20
20
20
20
20
20
20
20
20
20
20
20
20
20
20
20
20
20
20
20
20
20
20
20
20
20
20
20
20
20
20
20
20
20
20
20
20
20
20
20
20
20
20
20
20
20
20
20
20
20
20
20
20
20
20
20
20
20
20
20
20